      0/99     3.97G   0.08988    0.0183   0.02755    0.1357       193       640   0.02414   0.01988  0.002193 0.0003665    0.1184   0.03287   0.02922
      1/99     9.23G   0.08519   0.01677   0.02507     0.127       227       640  0.006589   0.05485  0.002794 0.0004173    0.1078   0.04016   0.02699
      2/99     9.23G   0.08077   0.01773   0.02285    0.1213       248       640   0.02067   0.03705  0.008602  0.001731    0.1049   0.04219    0.0258
      3/99     9.23G    0.0778   0.02044   0.02139    0.1196       284       640    0.0426   0.09489   0.02523   0.00461    0.1022   0.04395   0.02526
      4/99     9.23G    0.0744   0.02065   0.01985    0.1149       162       640   0.03627   0.09457    0.0186  0.003838    0.1043    0.0417   0.02621
      5/99     9.23G   0.07201   0.02164   0.01869    0.1123       290       640   0.04352   0.07798   0.01744   0.00426    0.1042    0.0402   0.02538
      6/99     9.23G   0.06929   0.02335   0.01774    0.1104       250       640      0.11    0.2154   0.06768   0.02238   0.09871   0.04378    0.0223
      7/99     9.23G   0.06864   0.02266   0.01602    0.1073       220       640    0.1347    0.1344   0.07694   0.02581   0.09507   0.04629   0.02149
      8/99     9.23G   0.06776   0.02148   0.01565    0.1049       218       640    0.1339    0.1798    0.0812   0.03379    0.0981   0.04265   0.02315
      9/99     9.24G   0.06672   0.02271   0.01497    0.1044       202       640    0.2463    0.1406   0.09221   0.04044   0.09231   0.04658   0.02133
     10/99     9.24G   0.06571   0.02228   0.01419    0.1022       259       640    0.1988    0.1595   0.09514   0.03376   0.09201   0.04602   0.02065
     11/99     9.24G     0.064   0.02174   0.01381   0.09954       211       640    0.1943     0.213    0.1375   0.07401   0.08612   0.04856   0.01911
     12/99     9.24G    0.0638   0.02299   0.01277   0.09955       256       640    0.6153    0.1538    0.1755   0.08209   0.08828   0.04676    0.0197
     13/99     9.24G   0.06215   0.02256   0.01279    0.0975       201       640    0.2144    0.2456    0.1616   0.06933   0.08497    0.0476   0.01873
     14/99     9.24G   0.05966   0.02359   0.01288   0.09613       258       640    0.2495    0.2709    0.1963    0.1082    0.0806   0.04924   0.01791
     15/99     9.24G   0.05783   0.02353   0.01223    0.0936       167       640     0.252    0.2453    0.1915     0.104   0.08229   0.04801   0.01766
     16/99     9.24G   0.05762   0.02333   0.01122   0.09217       224       640    0.3561    0.2245    0.2342     0.123   0.08507    0.0464   0.01799
     17/99     9.24G   0.05656   0.02445   0.01086   0.09186       269       640    0.5361    0.2364    0.1912   0.09592   0.08165   0.04901   0.01822
     18/99     9.24G   0.05536   0.02376   0.01127   0.09039       234       640    0.2402    0.3107    0.2091    0.1116   0.08039   0.04809   0.01721
     19/99     9.24G   0.05464   0.02354   0.01058   0.08875       223       640    0.5051     0.359     0.232    0.1379   0.08138   0.04614   0.01674
     20/99     9.24G   0.05355   0.02359   0.01004   0.08718       235       640     0.543     0.294    0.2363    0.1405   0.07898   0.04684   0.01689
     21/99     9.24G    0.0545   0.02374   0.01031   0.08855       196       640    0.5689     0.268    0.2406    0.1416   0.07749   0.04829   0.01703
     22/99     9.24G    0.0526   0.02341  0.009348   0.08537       265       640    0.5345    0.2834     0.227    0.1375   0.07892   0.04702   0.01654
     23/99     9.24G   0.05184   0.02379  0.009461    0.0851       244       640    0.5497    0.3179    0.2604    0.1653   0.07617   0.04776   0.01602
     24/99     9.24G   0.05164    0.0227  0.009574   0.08392       201       640    0.5959    0.2989    0.2688    0.1778   0.07942   0.04515   0.01581
     25/99     9.24G   0.05108   0.02402  0.009373   0.08447       282       640    0.4785    0.2693    0.2276     0.141   0.07951   0.04692   0.01876
     26/99     9.24G   0.05084   0.02367  0.008969   0.08348       231       640    0.4999    0.3306    0.2438    0.1557   0.07692   0.04687   0.01594
     27/99     9.24G   0.04965   0.02282  0.008638   0.08111       139       640    0.3319    0.3413    0.2841    0.1857   0.07521   0.04735   0.01549
     28/99     9.24G   0.04938   0.02453  0.007665   0.08157       267       640    0.5879    0.3575    0.3023    0.1849   0.07518   0.04791   0.01511
     29/99     9.24G   0.04882   0.02348  0.008496    0.0808       206       640     0.316    0.3403     0.281    0.1765   0.07465   0.04642   0.01629
     30/99     9.24G   0.04873   0.02399  0.008103   0.08082       267       640    0.5638    0.3584     0.309    0.2078   0.07322   0.04608   0.01544
     31/99     9.24G    0.0496   0.02469  0.008068   0.08235       281       640    0.5913    0.3035     0.274    0.1734   0.07508   0.04606   0.01548
     32/99     9.24G   0.04817   0.02324  0.007372   0.07878       176       640    0.2985    0.3104    0.2669    0.1783   0.07438   0.04703   0.01841
     33/99     9.24G   0.04798   0.02326  0.007706   0.07895       193       640    0.3119    0.3341    0.2954    0.1914   0.07421   0.04582    0.0158
     34/99     9.24G   0.04701   0.02473   0.00716    0.0789       208       640    0.4176    0.3454    0.3184    0.2108   0.07298   0.04625   0.01474
     35/99     9.24G   0.04797   0.02465  0.007533   0.08015       242       640    0.3494     0.393    0.3075    0.1899   0.07338   0.04663   0.01502
     36/99     9.24G   0.04652   0.02357  0.006852   0.07694       235       640    0.3497    0.3309    0.3155     0.206   0.07189   0.04624   0.01463
     37/99     9.24G   0.04714   0.02421  0.006904   0.07825       234       640    0.3684     0.382    0.2981    0.2027   0.07162   0.04695   0.01625
     38/99     9.24G   0.04646   0.02376  0.006917   0.07714       187       640    0.4393    0.3523    0.3014    0.1876   0.07359   0.04985   0.01571
     39/99     9.24G    0.0461   0.02371  0.006926   0.07674       203       640    0.3704    0.4116    0.3404    0.2238   0.07444   0.04516    0.0161
     40/99     9.24G   0.04621   0.02386  0.006663   0.07672       231       640    0.4222    0.4207     0.347    0.2332   0.07162   0.04667   0.01413
     41/99     9.24G   0.04582   0.02415  0.006703   0.07667       240       640    0.3681    0.3872    0.2899    0.1863   0.07954   0.04505   0.01834
     42/99     9.24G   0.04508   0.02378  0.006754   0.07561       197       640    0.3207     0.425    0.2984    0.1941   0.07561   0.04808   0.01609
     43/99     9.24G   0.04472   0.02381  0.006698   0.07523       305       640    0.3778    0.4188    0.3314    0.2239   0.07218   0.04622   0.01484
     44/99     9.24G   0.04503   0.02381  0.006529   0.07537       300       640    0.3995    0.3836    0.3067    0.1966   0.07613    0.0447   0.01546
     45/99     9.24G   0.04503   0.02403  0.005978   0.07504       247       640    0.4002    0.3191    0.2835     0.172   0.07662    0.0493   0.01825
     46/99     9.24G   0.04466   0.02404  0.006226   0.07493       337       640     0.411    0.4118    0.3445    0.2304   0.07175   0.04621   0.01337
     47/99     9.24G   0.04445   0.02355  0.005644   0.07365       266       640    0.4226    0.3831    0.3581    0.2493   0.06935   0.04655   0.01343
     48/99     9.24G   0.04449   0.02339  0.005649   0.07353       229       640    0.4478    0.4259    0.3415    0.2377   0.07003   0.04581   0.01447
     49/99     9.24G   0.04376   0.02294  0.005561   0.07226       185       640    0.4547    0.3221    0.2648    0.1759   0.07604   0.04744    0.0222
     50/99     9.24G    0.0438   0.02455  0.005732   0.07409       277       640    0.2985    0.3612    0.2523    0.1594   0.07756   0.04856   0.02071
     51/99     9.24G   0.04368   0.02427  0.005742   0.07369       344       640    0.4111    0.4104    0.3282     0.215   0.07476   0.04479   0.01493
     52/99     9.24G   0.04375   0.02338  0.005782   0.07291       253       640    0.3667    0.4435    0.3338      0.22   0.07345   0.04435   0.01467
     53/99     9.24G    0.0437   0.02286  0.005424   0.07199       206       640    0.3254    0.4696    0.3151    0.2049   0.07335   0.04519   0.01483
     54/99     9.24G    0.0436   0.02243  0.005611   0.07164       179       640     0.346    0.4251    0.3215    0.2164    0.0747   0.04773   0.01504
     55/99     9.24G   0.04284   0.02343  0.005436   0.07171       236       640    0.4096    0.4202    0.3296    0.2184    0.0726   0.04576   0.01458
     56/99     9.24G   0.04265   0.02299  0.005241   0.07089       189       640    0.3866    0.3219    0.2636    0.1743   0.07626   0.04646    0.0242
     57/99     9.24G   0.04359   0.02236  0.004965   0.07092       224       640    0.4467    0.4256    0.3443    0.2183   0.07317   0.04534    0.0137
     58/99     9.24G    0.0429   0.02347  0.005097   0.07147       192       640    0.3748    0.3133    0.2493    0.1673   0.07751   0.04868   0.01776
     59/99     9.24G   0.04266   0.02328  0.005237   0.07118       229       640     0.498    0.3449    0.3281     0.223   0.07281   0.04532    0.0139
     60/99     9.24G   0.04242   0.02312   0.00545   0.07099       167       640    0.4498    0.4643    0.3713    0.2507   0.07178   0.04415   0.01293
     61/99     9.24G    0.0429   0.02248  0.004833   0.07021       178       640    0.4986    0.3639     0.344    0.2274   0.07302   0.04476   0.01378
     62/99     9.24G   0.04233    0.0235  0.004874    0.0707       222       640    0.4553    0.4196    0.3444    0.2309    0.0707   0.04476   0.01291
     63/99     9.24G   0.04243   0.02309  0.004984    0.0705       294       640    0.4277    0.4447    0.3635    0.2482   0.07292   0.04446   0.01436
     64/99     9.24G   0.04198   0.02275  0.004691   0.06941       208       640     0.447    0.4357    0.3726    0.2474   0.07184   0.04553     0.013
     65/99     9.24G   0.04129   0.02301  0.004726   0.06902       233       640    0.3484    0.3789    0.2895    0.1971    0.0733   0.04488   0.01824
     66/99     9.24G   0.04164   0.02296  0.004356   0.06895       318       640    0.3919    0.4628    0.3451    0.2391   0.07156   0.04474   0.01273
     67/99     9.24G   0.04205   0.02314  0.004283   0.06947       202       640    0.4757     0.365    0.3296    0.2214   0.07284   0.04531    0.0144
     68/99     9.24G   0.04147   0.02287  0.004407   0.06875       193       640    0.2899    0.3528    0.2522    0.1558   0.08121   0.05411   0.01734
     69/99     9.24G    0.0412   0.02399  0.004069   0.06926       286       640    0.3834    0.4565    0.3502     0.234   0.07342   0.04587   0.01399
     70/99     9.24G   0.04193   0.02248  0.004393    0.0688       241       640    0.4432    0.4314    0.3696    0.2594   0.07011   0.04616   0.01309
     71/99     9.24G   0.04137    0.0225  0.003983   0.06785       233       640     0.431     0.424    0.3448    0.2266   0.07377   0.04504   0.01358
     72/99     9.24G   0.04127   0.02283   0.00451   0.06861       257       640    0.4637    0.4038    0.3626    0.2505   0.07121   0.04571   0.01228
     73/99     9.24G   0.04096   0.02286  0.003997   0.06782       231       640    0.4438    0.4494    0.3717    0.2508   0.07138   0.04464   0.01384
     74/99     9.24G   0.04096   0.02178  0.004185   0.06692       186       640    0.4388    0.4526    0.3811    0.2604   0.07049   0.04541   0.01263
     75/99     9.24G   0.04108    0.0222  0.004261   0.06754       167       640    0.4525    0.4089    0.3511    0.2331   0.07168   0.04688   0.01482
     76/99     9.24G    0.0409   0.02255  0.004018   0.06747       205       640     0.482    0.3577    0.3177    0.2166   0.07482   0.04658   0.01474
     77/99     9.24G   0.04061   0.02341  0.004017   0.06805       321       640    0.4351    0.4686    0.3748    0.2652   0.07088   0.04359   0.01283
     78/99     9.24G   0.04053   0.02288  0.004144   0.06756       296       640    0.4624    0.4195    0.3692    0.2465   0.07483   0.04301   0.01499
     79/99     9.24G   0.04002   0.02243  0.004085   0.06653       195       640    0.4719     0.481    0.4185    0.2837   0.07019   0.04546   0.01237
     80/99     9.24G   0.03994   0.02235   0.00387   0.06616       158       640    0.5214    0.4369    0.4073    0.2824   0.06995   0.04453   0.01323
     81/99     9.24G   0.03991   0.02161  0.003744   0.06526       215       640    0.5018    0.4014    0.3791    0.2699   0.07035   0.04459   0.01296
     82/99     9.24G   0.04036   0.02217  0.003715   0.06625       271       640    0.4707    0.4342    0.3795    0.2645   0.07118   0.04478    0.0134
     83/99     9.24G   0.04041   0.02237  0.003686   0.06647       223       640    0.5171    0.4075    0.3803    0.2608   0.07152   0.04566   0.01337
     84/99     9.24G   0.03949   0.02207  0.003464   0.06503       179       640    0.4503    0.4312    0.3804    0.2586   0.07063   0.04655   0.01392
     85/99     9.24G   0.04019   0.02185  0.003736   0.06578       216       640     0.503    0.4225    0.3853    0.2667   0.07079   0.04514   0.01316
     86/99     9.24G    0.0395   0.02225  0.003548    0.0653       230       640       0.4    0.4723    0.3727    0.2665   0.07028   0.04389   0.01327
     87/99     9.24G   0.03913   0.02258  0.003569   0.06528       211       640    0.4775    0.4204    0.3723    0.2596   0.06976   0.04477   0.01362
     88/99     9.24G   0.03932   0.02222  0.003576   0.06512       140       640    0.4768    0.4719    0.4051    0.2793   0.07015   0.04547   0.01277
     89/99     9.24G   0.03963   0.02218  0.003453   0.06526       197       640    0.4297    0.4555    0.3871    0.2721   0.07015   0.04448    0.0125
     90/99     9.24G   0.03943   0.02218  0.003373   0.06498       243       640    0.4363    0.4796    0.3985    0.2759    0.0703   0.04502   0.01284
     91/99     9.24G   0.03945   0.02133  0.003135   0.06391       190       640    0.5288    0.4235     0.401    0.2878   0.06974   0.04512   0.01276
     92/99     9.24G   0.03918   0.02179  0.003299   0.06427       188       640     0.473    0.4248    0.3907    0.2742   0.07105   0.04536   0.01293
     93/99     9.24G   0.03908   0.02238  0.003448   0.06492       258       640    0.4963     0.429    0.3964    0.2808   0.07036   0.04471   0.01303
     94/99     9.24G   0.03882   0.02142  0.003153    0.0634       200       640    0.4732    0.4633    0.4057    0.2891    0.0705    0.0442   0.01281
     95/99     9.24G   0.03938   0.02211  0.003358   0.06485       181       640    0.5068    0.4394    0.4075    0.2918   0.07044   0.04433   0.01313
     96/99     9.24G   0.03861    0.0216  0.002947   0.06315       205       640    0.4252    0.4909    0.3953    0.2838   0.07009   0.04491   0.01282
     97/99     9.24G   0.03875    0.0226  0.002978   0.06433       276       640    0.4489    0.4543    0.3944    0.2823   0.06971   0.04513   0.01328
     98/99     9.24G   0.03913   0.02241  0.003308   0.06485       260       640    0.4885    0.4497    0.4119    0.2972   0.06977   0.04406   0.01256
     99/99     9.24G   0.03858   0.02194   0.00309   0.06361       229       640     0.495    0.4609    0.4084    0.2943   0.06891   0.04499   0.01283
